4.0000e+00 7.0810e-01
4.0500e+00 7.0895e-01
4.1000e+00 7.1061e-01
4.1500e+00 7.1365e-01
4.2000e+00 7.1758e-01
4.2500e+00 7.2173e-01
4.3000e+00 7.2573e-01
4.3500e+00 7.3526e-01
4.4000e+00 7.6594e-01
4.4500e+00 8.3629e-01
4.5000e+00 9.1793e-01
4.5500e+00 9.7014e-01
4.6000e+00 9.9194e-01
4.6500e+00 1.0014e+00
4.7000e+00 1.0077e+00
4.7500e+00 1.0175e+00
4.8000e+00 1.0415e+00
4.8500e+00 1.0936e+00
4.9000e+00 1.1696e+00
4.9500e+00 1.2340e+00
5.0000e+00 1.2722e+00
5.0500e+00 1.2929e+00
5.1000e+00 1.3045e+00
5.1500e+00 1.3115e+00
5.2000e+00 1.3166e+00
5.2500e+00 1.3212e+00
5.3000e+00 1.3258e+00
5.3500e+00 1.3306e+00
5.4000e+00 1.3367e+00
5.4500e+00 1.3447e+00
5.5000e+00 1.3524e+00
5.5500e+00 1.3574e+00
5.6000e+00 1.3603e+00
5.6500e+00 1.3625e+00
5.7000e+00 1.3646e+00
5.7500e+00 1.3671e+00
5.8000e+00 1.3698e+00
5.8500e+00 1.3721e+00
5.9000e+00 1.3743e+00
5.9500e+00 1.3767e+00
6.0000e+00 1.3796e+00
6.0500e+00 1.3828e+00
6.1000e+00 1.3861e+00
6.1500e+00 1.3896e+00
6.2000e+00 1.3934e+00
6.2500e+00 1.3978e+00
6.3000e+00 1.4025e+00
6.3500e+00 1.4073e+00
6.4000e+00 1.4118e+00
6.4500e+00 1.4156e+00
6.5000e+00 1.4186e+00
6.5500e+00 1.4209e+00
6.6000e+00 1.4227e+00
6.6500e+00 1.4242e+00
6.7000e+00 1.4256e+00
6.7500e+00 1.4269e+00
6.8000e+00 1.4282e+00
6.8500e+00 1.4297e+00
6.9000e+00 1.4313e+00
6.9500e+00 1.4329e+00
7.0000e+00 1.4346e+00
7.0500e+00 1.4363e+00
7.1000e+00 1.4380e+00
7.1500e+00 1.4396e+00
7.2000e+00 1.4409e+00
7.2500e+00 1.4418e+00
7.3000e+00 1.4425e+00
7.3500e+00 1.4430e+00
7.4000e+00 1.4434e+00
7.4500e+00 1.4437e+00
7.5000e+00 1.4440e+00
7.5500e+00 1.4442e+00
7.6000e+00 1.4444e+00
7.6500e+00 1.4446e+00
7.7000e+00 1.4447e+00
7.7500e+00 1.4449e+00
7.8000e+00 1.4452e+00
7.8500e+00 1.4454e+00
7.9000e+00 1.4456e+00
7.9500e+00 1.4459e+00
8.0000e+00 1.4461e+00
8.0500e+00 1.4464e+00
8.1000e+00 1.4466e+00
8.1500e+00 1.4468e+00
8.2000e+00 1.4470e+00
8.2500e+00 1.4472e+00
8.3000e+00 1.4473e+00
8.3500e+00 1.4474e+00
8.4000e+00 1.4475e+00
8.4500e+00 1.4476e+00
8.5000e+00 1.4476e+00
8.5500e+00 1.4477e+00
8.6000e+00 1.4477e+00
8.6500e+00 1.4478e+00
8.7000e+00 1.4478e+00
8.7500e+00 1.4478e+00
8.8000e+00 1.4479e+00
8.8500e+00 1.4479e+00
8.9000e+00 1.4479e+00
8.9500e+00 1.4479e+00
9.0000e+00 1.4479e+00
