4.0000e+00 1.7829e-02
4.0500e+00 6.2672e-02
4.1000e+00 1.6679e-01
4.1500e+00 2.8945e-01
4.2000e+00 3.7792e-01
4.2500e+00 4.2197e-01
4.3000e+00 4.4320e-01
4.3500e+00 4.6779e-01
4.4000e+00 5.3411e-01
4.4500e+00 6.8296e-01
4.5000e+00 8.6458e-01
4.5500e+00 1.0030e+00
4.6000e+00 1.0967e+00
4.6500e+00 1.1758e+00
4.7000e+00 1.2486e+00
4.7500e+00 1.3207e+00
4.8000e+00 1.4170e+00
4.8500e+00 1.5617e+00
4.9000e+00 1.7650e+00
4.9500e+00 1.9814e+00
5.0000e+00 2.2159e+00
5.0500e+00 2.4688e+00
5.1000e+00 2.6594e+00
5.1500e+00 2.7619e+00
5.2000e+00 2.8129e+00
5.2500e+00 2.8419e+00
5.3000e+00 2.8629e+00
5.3500e+00 2.8829e+00
5.4000e+00 2.9088e+00
5.4500e+00 2.9448e+00
5.5000e+00 2.9786e+00
5.5500e+00 2.9983e+00
5.6000e+00 3.0080e+00
5.6500e+00 3.0143e+00
5.7000e+00 3.0226e+00
5.7500e+00 3.0395e+00
5.8000e+00 3.0733e+00
5.8500e+00 3.1287e+00
5.9000e+00 3.2011e+00
5.9500e+00 3.2838e+00
6.0000e+00 3.3768e+00
6.0500e+00 3.4802e+00
6.1000e+00 3.5839e+00
6.1500e+00 3.6725e+00
6.2000e+00 3.7395e+00
6.2500e+00 3.7878e+00
6.3000e+00 3.8239e+00
6.3500e+00 3.8527e+00
6.4000e+00 3.8768e+00
6.4500e+00 3.8964e+00
6.5000e+00 3.9113e+00
6.5500e+00 3.9218e+00
6.6000e+00 3.9290e+00
6.6500e+00 3.9339e+00
6.7000e+00 3.9374e+00
6.7500e+00 3.9401e+00
6.8000e+00 3.9423e+00
6.8500e+00 3.9444e+00
6.9000e+00 3.9464e+00
6.9500e+00 3.9484e+00
7.0000e+00 3.9503e+00
7.0500e+00 3.9522e+00
7.1000e+00 3.9541e+00
7.1500e+00 3.9558e+00
7.2000e+00 3.9572e+00
7.2500e+00 3.9582e+00
7.3000e+00 3.9590e+00
7.3500e+00 3.9596e+00
7.4000e+00 3.9600e+00
7.4500e+00 3.9604e+00
7.5000e+00 3.9607e+00
7.5500e+00 3.9609e+00
7.6000e+00 3.9611e+00
7.6500e+00 3.9613e+00
7.7000e+00 3.9615e+00
7.7500e+00 3.9617e+00
7.8000e+00 3.9620e+00
7.8500e+00 3.9622e+00
7.9000e+00 3.9625e+00
7.9500e+00 3.9627e+00
8.0000e+00 3.9630e+00
8.0500e+00 3.9632e+00
8.1000e+00 3.9635e+00
8.1500e+00 3.9637e+00
8.2000e+00 3.9638e+00
8.2500e+00 3.9640e+00
8.3000e+00 3.9641e+00
8.3500e+00 3.9642e+00
8.4000e+00 3.9643e+00
8.4500e+00 3.9644e+00
8.5000e+00 3.9645e+00
8.5500e+00 3.9645e+00
8.6000e+00 3.9646e+00
8.6500e+00 3.9646e+00
8.7000e+00 3.9646e+00
8.7500e+00 3.9647e+00
8.8000e+00 3.9647e+00
8.8500e+00 3.9647e+00
8.9000e+00 3.9647e+00
8.9500e+00 3.9647e+00
9.0000e+00 3.9647e+00
